"V1" "V2" "V3" "V4" "V5" "V6" "V7" "V8" "V9" "V10"
"1" 0.214285714285714 0.5 0.157142857142857 0.0428571428571429 0.642857142857143 0.728571428571429 0.9 0.642857142857143 0.214285714285714 0.271428571428571
"2" 0.414285714285714 0.528571428571429 0.814285714285714 0.814285714285714 0.1 0.0142857142857143 0.0142857142857143 0.528571428571429 0.557142857142857 0.242857142857143
"3" 0.957142857142857 0.328571428571429 0.5 0.128571428571429 0.0714285714285714 0.928571428571429 0.614285714285714 0.557142857142857 0.1 0.614285714285714
"4" 0.928571428571429 0.414285714285714 0.414285714285714 0.757142857142857 0.328571428571429 0.271428571428571 0.928571428571429 0.328571428571429 0.785714285714286 0.128571428571429
"5" 0.871428571428571 0.157142857142857 0.1 0.214285714285714 0.3 0.385714285714286 0.0714285714285714 0.157142857142857 0.357142857142857 0.471428571428571
"6" 0.185714285714286 0.3 0.757142857142857 0.728571428571429 0.357142857142857 0.671428571428571 0.271428571428571 0.0428571428571429 0.185714285714286 0.671428571428571
"7" 0.814285714285714 0.128571428571429 0.928571428571429 0.9 0.157142857142857 0.5 0.414285714285714 0.671428571428571 0.471428571428571 0.928571428571429
"8" 0.242857142857143 0.0714285714285714 0.471428571428571 0.871428571428571 0.842857142857143 0.128571428571429 0.471428571428571 0.385714285714286 0.0714285714285714 0.385714285714286
"9" 0.757142857142857 0.7 0.957142857142857 0.528571428571429 0.442857142857143 0.7 0.442857142857143 0.271428571428571 0.0428571428571429 0.0142857142857143
"10" 0.5 0.0428571428571429 0.871428571428571 0.414285714285714 0.671428571428571 0.985714285714286 0.642857142857143 0.185714285714286 0.728571428571429 0.214285714285714
"11" 0.157142857142857 0.728571428571429 0.528571428571429 0.242857142857143 0.757142857142857 0.0714285714285714 0.728571428571429 0.0714285714285714 0.5 0.0714285714285714
"12" 0.985714285714286 0.957142857142857 0.3 0.442857142857143 0.785714285714286 0.328571428571429 0.242857142857143 0.5 0.242857142857143 0.185714285714286
"13" 0.9 0.557142857142857 0.785714285714286 0.614285714285714 0.814285714285714 0.757142857142857 0.7 0.871428571428571 0.842857142857143 0.814285714285714
"14" 0.842857142857143 0.842857142857143 0.7 0.985714285714286 0.614285714285714 0.185714285714286 0.585714285714286 0.128571428571429 0.614285714285714 0.585714285714286
"15" 0.671428571428571 0.614285714285714 0.214285714285714 0.842857142857143 0.871428571428571 0.9 0.185714285714286 0.214285714285714 0.528571428571429 0.7
"16" 0.7 0.671428571428571 0.614285714285714 0.0714285714285714 0.242857142857143 0.1 0.3 0.814285714285714 0.957142857142857 0.528571428571429
"17" 0.385714285714286 0.185714285714286 0.642857142857143 0.3 0.9 0.528571428571429 0.957142857142857 0.242857142857143 0.3 0.842857142857143
"18" 0.785714285714286 0.814285714285714 0.0142857142857143 0.271428571428571 0.957142857142857 0.642857142857143 0.528571428571429 0.728571428571429 0.671428571428571 0.414285714285714
"19" 0.528571428571429 0.585714285714286 0.0428571428571429 0.385714285714286 0.128571428571429 0.157142857142857 0.671428571428571 0.3 0.157142857142857 0.9
"20" 0.0428571428571429 0.642857142857143 0.271428571428571 0.957142857142857 0.271428571428571 0.585714285714286 0.557142857142857 0.842857142857143 0.328571428571429 0.157142857142857
"21" 0.128571428571429 0.357142857142857 0.128571428571429 0.642857142857143 0.7 0.214285714285714 0.214285714285714 0.7 0.757142857142857 0.871428571428571
"22" 0.642857142857143 0.385714285714286 0.842857142857143 0.328571428571429 0.585714285714286 0.242857142857143 0.157142857142857 0.9 0.128571428571429 0.328571428571429
"23" 0.614285714285714 0.442857142857143 0.357142857142857 0.0142857142857143 0.557142857142857 0.614285714285714 0.5 0.0142857142857143 0.9 0.985714285714286
"24" 0.442857142857143 0.1 0.328571428571429 0.157142857142857 0.385714285714286 0.814285714285714 0.328571428571429 0.957142857142857 0.585714285714286 0.1
"25" 0.0714285714285714 0.757142857142857 0.442857142857143 0.357142857142857 0.185714285714286 0.785714285714286 0.128571428571429 0.357142857142857 0.7 0.785714285714286
"26" 0.0142857142857143 0.471428571428571 0.985714285714286 0.1 0.985714285714286 0.414285714285714 0.357142857142857 0.414285714285714 0.442857142857143 0.557142857142857
"27" 0.357142857142857 0.9 0.185714285714286 0.585714285714286 0.0428571428571429 0.471428571428571 0.385714285714286 0.1 0.871428571428571 0.3
"28" 0.557142857142857 0.242857142857143 0.557142857142857 0.7 0.928571428571429 0.557142857142857 0.1 0.614285714285714 0.928571428571429 0.0428571428571429
"29" 0.1 0.214285714285714 0.671428571428571 0.471428571428571 0.0142857142857143 0.357142857142857 0.757142857142857 0.928571428571429 0.642857142857143 0.442857142857143
"30" 0.728571428571429 0.0142857142857143 0.242857142857143 0.557142857142857 0.471428571428571 0.0428571428571429 0.871428571428571 0.757142857142857 0.414285714285714 0.757142857142857
"31" 0.471428571428571 0.785714285714286 0.385714285714286 0.785714285714286 0.728571428571429 0.442857142857143 0.814285714285714 0.985714285714286 0.0142857142857143 0.642857142857143
"32" 0.3 0.271428571428571 0.0714285714285714 0.928571428571429 0.5 0.871428571428571 0.785714285714286 0.471428571428571 0.985714285714286 0.5
"33" 0.271428571428571 0.928571428571429 0.9 0.185714285714286 0.414285714285714 0.3 0.842857142857143 0.585714285714286 0.814285714285714 0.728571428571429
"34" 0.328571428571429 0.871428571428571 0.585714285714286 0.5 0.528571428571429 0.957142857142857 0.0428571428571429 0.785714285714286 0.271428571428571 0.957142857142857
"35" 0.585714285714286 0.985714285714286 0.728571428571429 0.671428571428571 0.214285714285714 0.842857142857143 0.985714285714286 0.442857142857143 0.385714285714286 0.357142857142857
"36" 0.995 0.715 0.875 0.485 0.425 0.825 0.545 0.425 0.975 0.315
"37" 0.005 0.235 0.395 0.345 0.535 0.935 0.435 0.735 0.845 0.325
"38" 0.375 0.675 0.095 0.945 0.875 0.265 0.485 0.515 0.625 0.025
"39" 0.025 0.485 0.125 0.605 0.375 0.595 0.845 0.195 0.085 0.795
"40" 0.705 0.465 0.375 0.205 0.945 0.095 0.055 0.065 0.055 0.155
"41" 0.975 0.195 0.285 0.035 0.145 0.115 0.795 0.685 0.565 0.505
"42" 0.945 0.295 0.605 0.285 0.505 0.565 0.765 0.025 0.145 0.845
"43" 0.085 0.405 0.365 0.395 0.265 0.515 0.675 0.455 0.535 0.905
"44" 0.435 0.515 0.795 0.975 0.885 0.705 0.425 0.005 0.765 0.545
"45" 0.155 0.595 0.775 0.425 0.825 0.975 0.315 0.605 0.365 0.095
"46" 0.195 0.175 0.035 0.405 0.395 0.155 0.025 0.935 0.505 0.375
"47" 0.685 0.705 0.465 0.655 0.005 0.375 0.885 0.175 0.805 0.565
"48" 0.315 0.685 0.715 0.225 0.115 0.065 0.465 0.995 0.875 0.705
"49" 0.965 0.455 0.655 0.935 0.905 0.635 0.065 0.845 0.715 0.115
"50" 0.255 0.965 0.825 0.875 0.285 0.915 0.805 0.345 0.465 0.965
"51" 0.115 0.855 0.505 0.715 0.575 0.765 0.095 0.675 0.035 0.855
"52" 0.635 0.055 0.845 0.115 0.625 0.775 0.775 0.255 0.685 0.205
"53" 0.625 0.545 0.055 0.095 0.765 0.745 0.345 0.575 0.005 0.805
"54" 0.675 0.125 0.735 0.805 0.995 0.395 0.575 0.655 0.235 0.915
"55" 0.605 0.905 0.425 0.995 0.225 0.205 0.735 0.595 0.345 0.235
"56" 0.505 0.935 0.145 0.255 0.065 0.455 0.145 0.765 0.395 0.295
"57" 0.915 0.285 0.905 0.055 0.345 0.425 0.205 0.965 0.325 0.655
"58" 0.295 0.035 0.685 0.365 0.195 0.485 0.125 0.225 0.115 0.405
"59" 0.425 0.735 0.255 0.005 0.635 0.325 0.625 0.405 0.125 0.175
"60" 0.845 0.775 0.115 0.235 0.595 0.545 0.975 0.905 0.265 0.935
"61" 0.795 0.435 0.765 0.065 0.795 0.225 0.155 0.295 0.635 0.875
"62" 0.655 0.025 0.175 0.375 0.435 0.655 0.595 0.975 0.745 0.225
"63" 0.875 0.915 0.805 0.325 0.025 0.145 0.905 0.505 0.025 0.285
"64" 0.405 0.085 0.405 0.145 0.465 0.855 0.225 0.145 0.405 0.975
"65" 0.735 0.365 0.515 0.905 0.095 0.465 0.655 0.565 0.905 0.675
"66" 0.345 0.565 0.485 0.545 0.255 0.025 0.295 0.315 0.735 0.265
"67" 0.145 0.005 0.295 0.175 0.935 0.685 0.995 0.285 0.885 0.345
"68" 0.765 0.625 0.535 0.675 0.845 0.965 0.825 0.945 0.515 0.035
"69" 0.825 0.975 0.345 0.575 0.125 0.905 0.115 0.635 0.855 0.465
"70" 0.095 0.795 0.005 0.965 0.055 0.295 0.405 0.265 0.315 0.485
"71" 0.745 0.635 0.235 0.845 0.405 0.715 0.005 0.435 0.205 0.535
"72" 0.535 0.655 0.705 0.915 0.715 0.575 0.235 0.375 0.295 0.775
"73" 0.775 0.575 0.975 0.885 0.805 0.345 0.855 0.095 0.375 0.395
"74" 0.325 0.325 0.325 0.795 0.855 0.885 0.705 0.125 0.285 0.435
"75" 0.465 0.395 0.595 0.025 0.325 0.675 0.535 0.625 0.455 0.765
"76" 0.715 0.145 0.675 0.435 0.565 0.255 0.375 0.465 0.545 0.745
"77" 0.175 0.605 0.745 0.775 0.455 0.605 0.875 0.775 0.935 0.145
"78" 0.485 0.745 0.945 0.705 0.485 0.125 0.035 0.205 0.915 0.625
"79" 0.265 0.315 0.265 0.855 0.675 0.365 0.175 0.545 0.605 0.005
"80" 0.055 0.885 0.625 0.195 0.605 0.435 0.195 0.115 0.965 0.195
"81" 0.065 0.805 0.855 0.635 0.915 0.285 0.505 0.915 0.155 0.515
"82" 0.885 0.825 0.545 0.625 0.175 0.735 0.325 0.085 0.485 0.365
"83" 0.035 0.255 0.575 0.315 0.735 0.195 0.945 0.535 0.705 0.575
"84" 0.855 0.095 0.435 0.685 0.315 0.085 0.395 0.795 0.175 0.255
"85" 0.805 0.845 0.195 0.295 0.975 0.005 0.745 0.395 0.945 0.885
"86" 0.565 0.205 0.025 0.455 0.235 0.945 0.915 0.055 0.575 0.085
"87" 0.365 0.115 0.935 0.265 0.685 0.625 0.685 0.745 0.065 0.065
"88" 0.455 0.945 0.085 0.765 0.655 0.405 0.715 0.805 0.775 0.605
"89" 0.285 0.535 0.205 0.825 0.155 0.845 0.265 0.855 0.095 0.685
"90" 0.395 0.425 0.965 0.565 0.295 0.875 0.965 0.825 0.595 0.825
"91" 0.225 0.995 0.225 0.515 0.205 0.175 0.565 0.035 0.655 0.735
"92" 0.515 0.505 0.635 0.735 0.515 0.035 0.935 0.705 0.195 0.425
"93" 0.205 0.065 0.885 0.085 0.745 0.535 0.085 0.485 0.795 0.995
"94" 0.905 0.265 0.155 0.505 0.705 0.995 0.455 0.365 0.435 0.055
"95" 0.545 0.155 0.315 0.535 0.775 0.235 0.365 0.885 0.995 0.945
"96" 0.125 0.345 0.915 0.595 0.085 0.055 0.605 0.155 0.255 0.125
"97" 0.575 0.225 0.565 0.155 0.365 0.795 0.515 0.325 0.225 0.635
"98" 0.595 0.875 0.995 0.465 0.035 0.805 0.255 0.715 0.675 0.455
"99" 0.235 0.765 0.455 0.125 0.965 0.315 0.635 0.875 0.425 0.595
"100" 0.935 0.375 0.065 0.745 0.545 0.505 0.285 0.235 0.825 0.715
