"V1" "V2" "V3" "V4" "V5" "V6" "V7" "V8"
"1" 0.986224452385002 0.289804256080904 0.15160523918034 0.61211693608202 0.996520287873731 0.421210004842247 0.359093949232589 0.741671161713417
"2" 0.91530440249057 0.360899178328162 0.270652754706415 0.746279054566879 0.715428056440909 0.526742293076082 0.1007866285445 0.427346307894384
"3" 0.456269831206142 0.142068265971135 0.971188048751686 0.310739906288853 0.915156848466193 0.345827379153872 0.969191664139825 0.286889280167154
"4" 0.245882774652405 0.323201523805884 0.0515801508233628 0.214077546333217 0.958981304412538 0.491853509051725 0.692651504892009 0.00306284453042529
"5" 0.372259382598779 0.40656761973673 0.0901704543312504 0.953260870362547 0.273813063465059 0.636079162634401 0.798087108871815 0.859265376572413
"6" 0.73545617880723 0.855227465106344 0.696874991127036 0.669564469819042 0.58201312806288 0.693346087329767 0.891623421093788 0.936811419030313
"7" 0.938886681203307 0.432809858663346 0.990125931968743 0.714050311988897 0.360828277011487 0.410704887895422 0.114617017250169 0.0688801915723492
"8" 0.581603771541268 0.0937754632100802 0.280912190108475 0.0855494712056084 0.886927688490091 0.576771873163737 0.661461721153253 0.924002194963396
"9" 0.360262240405956 0.671704943177544 0.110700793682852 0.485651399114762 0.607456211288544 0.0981496527325362 0.260407596098428 0.139079155811024
"10" 0.142276640414176 0.242996420321817 0.770430893163112 0.407006107131019 0.732554591053419 0.277042952569371 0.0371431300628253 0.158911422593519
"11" 0.664752972985364 0.716066603862088 0.130823846982623 0.267377170052549 0.269695641583001 0.743441902092573 0.0183864289471372 0.268357722194527
"12" 0.183194713637402 0.217091096446595 0.319609819966453 0.396983891204846 0.436260144696148 0.0012495160441507 0.339730027152903 0.607694828438319
"13" 0.844086722420021 0.119753127739849 0.900632711694661 0.693132864569568 0.439747458747165 0.768831484239887 0.709378130530769 0.231046627457677
"14" 0.441544309563257 0.185555754377591 0.460793976350264 0.733919115080921 0.10540743842721 0.610719815667041 0.0675652229269458 0.083203243129802
"15" 0.073344746964391 0.32997604760934 0.489979319113561 0.238464725517075 0.205655920966952 0.305941499325193 0.0152937241025608 0.523074681519277
"16" 0.262632316151973 0.761316472787241 0.863138784607872 0.226972324316475 0.152815400224856 0.748284523299133 0.311344316144559 0.308086918222464
"17" 0.630545999880203 0.0672921508973972 0.0663202784024179 0.444452234361829 0.187154326909645 0.559765890524299 0.77164412338964 0.436606496547095
"18" 0.334688590661707 0.687105088520118 0.42209237752567 0.902775101803921 0.933489343468947 0.181531822812659 0.169385906372389 0.530671727686951
"19" 0.812342267263342 0.149644747444174 0.85343376329084 0.0656027169686488 0.573365426651964 0.131103637382727 0.243583616533909 0.37510296786204
"20" 0.1490131362934 0.00116738186387176 0.231827191788365 0.332534223947335 0.701319545494731 0.672491382574663 0.187919410859997 0.416026617726311
"21" 0.907232678956776 0.22454766523601 0.352606696986847 0.560329951062291 0.175961730078879 0.442296356872909 0.0810328370044855 0.979051679618318
"22" 0.0576608158224686 0.25609265092591 0.818374050954695 0.147106366714632 0.121690052887425 0.398416337180375 0.918877157014371 0.62770630848086
"23" 0.525374570302665 0.986570538478819 0.416093490268527 0.812864155152982 0.318874805323272 0.980976427266036 0.556765409542078 0.0927680386399681
"24" 0.303479668531905 0.514239148520441 0.676141913446852 0.644021065689793 0.0785211089278825 0.0699981499801983 0.869737415113063 0.113037576979365
"25" 0.639502325891094 0.544021143425595 0.95570330274376 0.852256087192588 0.674186545792459 0.232385544220663 0.61538717342456 0.689503176036206
"26" 0.748717547923496 0.888865644996986 0.504144096899439 0.141054937192662 0.80349350808273 0.880718701866201 0.757627308394083 0.324405832072212
"27" 0.955421608610248 0.634493454126641 0.370872743084857 0.798053932968866 0.760892759136517 0.320709307250482 0.986782242620195 0.213951938565482
"28" 0.397187419849533 0.961170133800161 0.804029096464034 0.822872076928616 0.0309538435148583 0.197712507653473 0.581270993496715 0.340964722895825
"29" 0.116606316186318 0.841700944046236 0.183493989600207 0.0459003428589891 0.552249875334515 0.917910238914192 0.439631173624234 0.666700928637081
"30" 0.280828563043509 0.774286521370099 0.0936520341360434 0.584010215819051 0.503757166574624 0.329452573774721 0.46517347433943 0.994672258668156
"31" 0.219422252501615 0.0528600370426747 0.446718475853347 0.87826361224394 0.829031844851984 0.6870038730939 0.152278227570721 0.244473188967359
"32" 0.696494331574914 0.975412374857644 0.588526384003291 0.568139576920393 0.619021793873981 0.0431337809825147 0.233268576822328 0.352795603824779
"33" 0.786816693774678 0.472736134253104 0.548442287501794 0.0272652608469467 0.484730290244757 0.0257907266516916 0.838799596988511 0.78659697373567
"34" 0.530608265207742 0.468804084975272 0.0109187031799758 0.932681873855604 0.403433097513731 0.528218018627641 0.679452449582856 0.0248518276959658
"35" 0.312634439211847 0.727971948065202 0.79025853484107 0.108104320806028 0.857982531139119 0.791276641617614 0.299799791317094 0.644163042539731
"36" 0.603414243375036 0.78539125283926 0.300140296663581 0.187255362738771 0.129190576897765 0.111864019210704 0.404246856339953 0.479718963848427
"37" 0.491035136673599 0.453438917255368 0.208278814711693 0.0053042771294713 0.387672228624367 0.812797416103157 0.501239594906061 0.182064894658767
"38" 0.557313384996219 0.38923328184438 0.329860422899947 0.118148270918226 0.841500667461448 0.988202302560041 0.623050359403715 0.762870092465627
"39" 0.0164308311544697 0.595284517071294 0.244882870046422 0.298514246360653 0.666508677525615 0.261934576776217 0.8011407522146 0.577264609209008
"40" 0.890416740791195 0.0266867162532766 0.569825966270979 0.631089822325686 0.509807183212516 0.0744514625392516 0.652807877314362 0.828335917724127
"41" 0.478521203888919 0.567240965920924 0.630736478337679 0.535552277437157 4.6066004274921e-05 0.828626167173074 0.475155423484235 0.874247934753922
"42" 0.591460443288088 0.616891617679291 0.744286190282384 0.169532514414327 0.541699443990365 0.375835514496165 0.144023016946052 0.896117228548974
"43" 0.0436448044101284 0.937504981034859 0.717674880381674 0.353701474106955 0.380855813211846 0.209896746950901 0.542797799514268 0.169716028301892
"44" 0.726993592299352 0.804368170791052 0.03155813599852 0.43210612850433 0.242813613066788 0.869107986186546 0.589009225774895 0.767451271215792
"45" 0.0313822449015623 0.0783902092625133 0.176849513344297 0.516858321330933 0.774565006851811 0.47932384390892 0.737575142724778 0.723471369734034
"46" 0.773595256862146 0.91692577350292 0.514191468318247 0.980582309107889 0.29571174881421 0.948320107881657 0.216070427660915 0.816146375941621
"47" 0.864479249614206 0.906026176240465 0.885252503195608 0.289292555014518 0.462936167283492 0.149930914364416 0.393508586731993 0.465673003303395
"48" 0.201571429969574 0.370557780847461 0.911420716518875 0.677831224834716 0.64106894953769 0.583520511017096 0.273769217183475 0.953530119321394
"49" 0.400791734376584 0.554699666633017 0.658475681030276 0.857369790374386 0.225462934743105 0.909047560203312 0.953492243317041 0.0524287327489054
"50" 0.0935397621540522 0.308041980837218 0.932022402668372 0.765930171467533 0.799324755717746 0.934316992865537 0.37438215888952 0.389521053750915
"51" 0.690228352132677 0.497322018622336 0.54106730458496 0.985155679171228 0.0438323802949691 0.242679424499246 0.934986465991559 0.702405903378332
"52" 0.421714126691222 0.171700414854356 0.645121988141909 0.466643343802372 0.345130974270234 0.852147886808962 0.836204028387808 0.503543964189223
"53" 0.964741704502905 0.645496152790094 0.757052452671765 0.370711790588261 0.0601279722399671 0.725310664560476 0.432935607204722 0.590349770290777
"54" 0.826708479323001 0.831086283782497 0.390606984314085 0.910158737317066 0.969728878157383 0.640917062094774 0.521697478936138 0.550990502286533
"55" 0.180042739559642 0.700915362825617 0.600878699555654 0.491840156620707 0.906227773639627 0.455949961190874 0.87587908308699 0.852560510727662
